0 0
0 47
1 1
2 2
2 4
2 22
2 26
2 33
3 3
3 8
3 43
3 44
4 2
4 4
4 7
4 26
4 33
4 47
5 5
5 8
5 22
5 23
6 6
6 9
7 4
7 7
7 8
7 10
7 14
7 17
7 22
7 26
7 32
7 33
7 41
7 43
7 44
7 47
8 3
8 5
8 7
8 8
8 10
8 14
8 17
8 22
8 23
8 26
8 32
8 33
8 40
8 41
8 43
8 44
8 46
8 47
8 58
8 60
9 6
9 9
10 7
10 8
10 10
10 14
10 17
10 22
10 26
10 32
10 33
10 35
10 39
10 41
10 43
10 44
10 47
11 11
11 44
12 12
13 13
14 7
14 8
14 10
14 14
14 17
14 22
14 23
14 26
14 32
14 33
14 40
14 41
14 43
14 44
14 47
15 15
15 19
15 25
15 27
15 28
15 35
15 38
15 55
16 16
17 7
17 8
17 10
17 14
17 17
17 18
17 22
17 26
17 32
17 33
17 41
17 43
17 44
17 47
18 17
18 18
18 24
19 15
19 19
19 25
19 27
19 28
19 35
19 38
19 55
20 20
20 22
20 23
20 26
20 44
20 47
20 53
21 21
21 37
21 40
21 48
22 2
22 5
22 7
22 8
22 10
22 14
22 17
22 20
22 22
22 23
22 26
22 28
22 32
22 33
22 38
22 41
22 42
22 43
22 44
22 45
22 47
22 53
23 5
23 8
23 14
23 20
23 22
23 23
23 26
23 33
23 38
23 44
23 47
23 53
24 18
24 24
25 15
25 19
25 25
25 27
25 28
25 35
25 38
25 55
26 2
26 4
26 7
26 8
26 10
26 14
26 17
26 20
26 22
26 23
26 26
26 32
26 33
26 38
26 41
26 42
26 43
26 44
26 47
26 53
27 15
27 19
27 25
27 27
27 28
27 35
27 38
27 55
28 15
28 19
28 22
28 25
28 27
28 28
28 35
28 38
28 55
29 29
29 48
30 30
30 32
31 31
32 7
32 8
32 10
32 14
32 17
32 22
32 26
32 30
32 32
32 33
32 41
32 43
32 44
32 47
33 2
33 4
33 7
33 8
33 10
33 14
33 17
33 22
33 23
33 26
33 32
33 33
33 39
33 41
33 43
33 44
33 47
33 58
34 34
35 10
35 15
35 19
35 25
35 27
35 28
35 35
35 38
35 55
36 36
37 21
37 37
37 40
37 44
38 15
38 19
38 22
38 23
38 25
38 26
38 27
38 28
38 35
38 38
38 44
38 47
38 55
39 10
39 33
39 39
39 44
40 8
40 14
40 21
40 37
40 40
40 43
40 47
41 7
41 8
41 10
41 14
41 17
41 22
41 26
41 32
41 33
41 41
41 43
41 44
41 47
42 22
42 26
42 42
43 3
43 7
43 8
43 10
43 14
43 17
43 22
43 26
43 32
43 33
43 40
43 41
43 43
43 44
43 47
43 58
44 3
44 7
44 8
44 10
44 11
44 14
44 17
44 20
44 22
44 23
44 26
44 32
44 33
44 37
44 38
44 39
44 41
44 43
44 44
44 47
44 53
44 58
45 22
45 45
46 8
46 46
47 0
47 4
47 7
47 8
47 10
47 14
47 17
47 20
47 22
47 23
47 26
47 32
47 33
47 38
47 40
47 41
47 43
47 44
47 47
47 53
48 21
48 29
48 48
49 49
50 50
51 51
52 52
53 20
53 22
53 23
53 26
53 44
53 47
53 53
54 54
55 15
55 19
55 25
55 27
55 28
55 35
55 38
55 55
56 56
57 57
58 8
58 33
58 43
58 44
58 58
59 59
60 8
60 60
