0 0
0 8
0 60
1 1
1 12
1 13
1 15
1 19
1 24
1 28
1 38
1 41
1 57
2 2
3 3
4 4
5 5
6 6
6 34
6 35
6 37
6 39
7 7
7 8
7 11
7 14
7 20
7 35
7 42
7 51
8 0
8 7
8 8
8 10
8 20
8 21
8 26
8 32
8 33
8 40
8 42
8 44
8 51
8 60
9 9
9 11
9 22
9 23
9 26
9 29
9 48
9 52
9 53
10 8
10 10
10 20
10 33
11 7
11 9
11 11
11 14
11 26
11 29
11 35
11 42
11 51
11 53
12 1
12 12
12 13
12 15
12 19
12 24
12 25
12 28
12 36
12 38
12 41
12 57
13 1
13 12
13 13
13 28
13 36
13 38
13 54
14 7
14 11
14 14
14 20
14 42
14 51
15 1
15 12
15 15
15 24
15 25
15 28
15 36
15 38
15 57
16 16
17 17
17 18
17 19
17 49
17 50
18 17
18 18
18 19
18 50
19 1
19 12
19 17
19 18
19 19
19 28
19 38
19 50
20 7
20 8
20 10
20 14
20 20
20 21
20 26
20 29
20 30
20 32
20 33
20 40
20 42
20 44
20 47
20 51
20 60
21 8
21 20
21 21
21 26
21 32
21 40
21 44
21 47
22 9
22 22
22 23
22 29
22 53
23 9
23 22
23 23
23 26
23 29
23 52
23 53
24 1
24 12
24 15
24 24
24 25
24 28
24 38
24 57
25 12
25 15
25 24
25 25
25 28
25 38
26 8
26 9
26 11
26 20
26 21
26 23
26 26
26 29
26 30
26 32
26 40
26 44
26 47
26 53
27 27
27 47
28 1
28 12
28 13
28 15
28 19
28 24
28 25
28 28
28 36
28 38
28 41
28 57
29 9
29 11
29 20
29 22
29 23
29 26
29 29
29 43
29 48
29 52
29 53
29 58
30 20
30 26
30 30
30 31
30 32
31 30
31 31
31 32
32 8
32 20
32 21
32 26
32 30
32 31
32 32
32 33
32 40
32 44
32 47
32 60
33 8
33 10
33 20
33 32
33 33
33 46
33 60
34 6
34 34
34 35
34 37
34 39
34 43
35 6
35 7
35 11
35 34
35 35
36 12
36 13
36 15
36 28
36 36
36 57
37 6
37 34
37 37
37 54
38 1
38 12
38 13
38 15
38 19
38 24
38 25
38 28
38 38
38 41
38 57
39 6
39 34
39 39
40 8
40 20
40 21
40 26
40 32
40 40
40 44
40 47
40 60
41 1
41 12
41 28
41 38
41 41
41 50
41 57
42 7
42 8
42 11
42 14
42 20
42 42
42 51
43 29
43 34
43 43
43 52
44 8
44 20
44 21
44 26
44 32
44 40
44 44
44 47
45 45
45 46
46 33
46 45
46 46
47 20
47 21
47 26
47 27
47 32
47 40
47 44
47 47
48 9
48 29
48 48
48 52
48 58
49 17
49 49
49 59
50 17
50 18
50 19
50 41
50 50
51 7
51 8
51 11
51 14
51 20
51 42
51 51
52 9
52 23
52 29
52 43
52 48
52 52
52 53
52 58
53 9
53 11
53 22
53 23
53 26
53 29
53 52
53 53
54 13
54 37
54 54
55 55
56 56
57 1
57 12
57 15
57 24
57 28
57 36
57 38
57 41
57 57
58 29
58 48
58 52
58 58
59 49
59 59
60 0
60 8
60 20
60 32
60 33
60 40
60 60
