0 0
0 7
0 8
0 10
0 20
0 21
0 26
0 32
0 33
0 40
0 42
0 44
0 51
0 60
1 1
1 12
1 13
1 15
1 17
1 18
1 19
1 24
1 25
1 28
1 36
1 38
1 41
1 50
1 54
1 57
2 2
3 3
4 4
5 5
6 6
6 7
6 11
6 34
6 35
6 37
6 39
6 43
6 54
7 0
7 6
7 7
7 8
7 9
7 10
7 11
7 14
7 20
7 21
7 26
7 29
7 30
7 32
7 33
7 34
7 35
7 40
7 42
7 44
7 47
7 51
7 53
7 60
8 0
8 7
8 8
8 9
8 10
8 11
8 14
8 20
8 21
8 23
8 26
8 29
8 30
8 31
8 32
8 33
8 35
8 40
8 42
8 44
8 46
8 47
8 51
8 53
8 60
9 7
9 8
9 9
9 11
9 14
9 20
9 21
9 22
9 23
9 26
9 29
9 30
9 32
9 35
9 40
9 42
9 43
9 44
9 47
9 48
9 51
9 52
9 53
9 58
10 0
10 7
10 8
10 10
10 14
10 20
10 21
10 26
10 29
10 30
10 32
10 33
10 40
10 42
10 44
10 46
10 47
10 51
10 60
11 6
11 7
11 8
11 9
11 11
11 14
11 20
11 21
11 22
11 23
11 26
11 29
11 30
11 32
11 34
11 35
11 40
11 42
11 43
11 44
11 47
11 48
11 51
11 52
11 53
11 58
12 1
12 12
12 13
12 15
12 17
12 18
12 19
12 24
12 25
12 28
12 36
12 38
12 41
12 50
12 54
12 57
13 1
13 12
13 13
13 15
13 19
13 24
13 25
13 28
13 36
13 37
13 38
13 41
13 54
13 57
14 7
14 8
14 9
14 10
14 11
14 14
14 20
14 21
14 26
14 29
14 30
14 32
14 33
14 35
14 40
14 42
14 44
14 47
14 51
14 53
14 60
15 1
15 12
15 13
15 15
15 19
15 24
15 25
15 28
15 36
15 38
15 41
15 57
16 16
17 1
17 12
17 17
17 18
17 19
17 28
17 38
17 41
17 49
17 50
17 59
18 1
18 12
18 17
18 18
18 19
18 28
18 38
18 41
18 49
18 50
19 1
19 12
19 13
19 15
19 17
19 18
19 19
19 24
19 25
19 28
19 36
19 38
19 41
19 49
19 50
19 57
20 0
20 7
20 8
20 9
20 10
20 11
20 14
20 20
20 21
20 22
20 23
20 26
20 27
20 29
20 30
20 31
20 32
20 33
20 35
20 40
20 42
20 43
20 44
20 46
20 47
20 48
20 51
20 52
20 53
20 58
20 60
21 0
21 7
21 8
21 9
21 10
21 11
21 14
21 20
21 21
21 23
21 26
21 27
21 29
21 30
21 31
21 32
21 33
21 40
21 42
21 44
21 47
21 51
21 53
21 60
22 9
22 11
22 20
22 22
22 23
22 26
22 29
22 43
22 48
22 52
22 53
22 58
23 8
23 9
23 11
23 20
23 21
23 22
23 23
23 26
23 29
23 30
23 32
23 40
23 43
23 44
23 47
23 48
23 52
23 53
23 58
24 1
24 12
24 13
24 15
24 19
24 24
24 25
24 28
24 36
24 38
24 41
24 57
25 1
25 12
25 13
25 15
25 19
25 24
25 25
25 28
25 36
25 38
25 41
25 57
26 0
26 7
26 8
26 9
26 10
26 11
26 14
26 20
26 21
26 22
26 23
26 26
26 27
26 29
26 30
26 31
26 32
26 33
26 35
26 40
26 42
26 43
26 44
26 47
26 48
26 51
26 52
26 53
26 58
26 60
27 20
27 21
27 26
27 27
27 32
27 40
27 44
27 47
28 1
28 12
28 13
28 15
28 17
28 18
28 19
28 24
28 25
28 28
28 36
28 38
28 41
28 50
28 54
28 57
29 7
29 8
29 9
29 10
29 11
29 14
29 20
29 21
29 22
29 23
29 26
29 29
29 30
29 32
29 33
29 34
29 35
29 40
29 42
29 43
29 44
29 47
29 48
29 51
29 52
29 53
29 58
29 60
30 7
30 8
30 9
30 10
30 11
30 14
30 20
30 21
30 23
30 26
30 29
30 30
30 31
30 32
30 33
30 40
30 42
30 44
30 47
30 51
30 53
30 60
31 8
31 20
31 21
31 26
31 30
31 31
31 32
31 33
31 40
31 44
31 47
31 60
32 0
32 7
32 8
32 9
32 10
32 11
32 14
32 20
32 21
32 23
32 26
32 27
32 29
32 30
32 31
32 32
32 33
32 40
32 42
32 44
32 46
32 47
32 51
32 53
32 60
33 0
33 7
33 8
33 10
33 14
33 20
33 21
33 26
33 29
33 30
33 31
33 32
33 33
33 40
33 42
33 44
33 45
33 46
33 47
33 51
33 60
34 6
34 7
34 11
34 29
34 34
34 35
34 37
34 39
34 43
34 52
34 54
35 6
35 7
35 8
35 9
35 11
35 14
35 20
35 26
35 29
35 34
35 35
35 37
35 39
35 42
35 43
35 51
35 53
36 1
36 12
36 13
36 15
36 19
36 24
36 25
36 28
36 36
36 38
36 41
36 54
36 57
37 6
37 13
37 34
37 35
37 37
37 39
37 43
37 54
38 1
38 12
38 13
38 15
38 17
38 18
38 19
38 24
38 25
38 28
38 36
38 38
38 41
38 50
38 54
38 57
39 6
39 34
39 35
39 37
39 39
39 43
40 0
40 7
40 8
40 9
40 10
40 11
40 14
40 20
40 21
40 23
40 26
40 27
40 29
40 30
40 31
40 32
40 33
40 40
40 42
40 44
40 47
40 51
40 53
40 60
41 1
41 12
41 13
41 15
41 17
41 18
41 19
41 24
41 25
41 28
41 36
41 38
41 41
41 50
41 57
42 0
42 7
42 8
42 9
42 10
42 11
42 14
42 20
42 21
42 26
42 29
42 30
42 32
42 33
42 35
42 40
42 42
42 44
42 47
42 51
42 53
42 60
43 6
43 9
43 11
43 20
43 22
43 23
43 26
43 29
43 34
43 35
43 37
43 39
43 43
43 48
43 52
43 53
43 58
44 0
44 7
44 8
44 9
44 10
44 11
44 14
44 20
44 21
44 23
44 26
44 27
44 29
44 30
44 31
44 32
44 33
44 40
44 42
44 44
44 47
44 51
44 53
44 60
45 33
45 45
45 46
46 8
46 10
46 20
46 32
46 33
46 45
46 46
46 60
47 7
47 8
47 9
47 10
47 11
47 14
47 20
47 21
47 23
47 26
47 27
47 29
47 30
47 31
47 32
47 33
47 40
47 42
47 44
47 47
47 51
47 53
47 60
48 9
48 11
48 20
48 22
48 23
48 26
48 29
48 43
48 48
48 52
48 53
48 58
49 17
49 18
49 19
49 49
49 50
49 59
50 1
50 12
50 17
50 18
50 19
50 28
50 38
50 41
50 49
50 50
50 57
51 0
51 7
51 8
51 9
51 10
51 11
51 14
51 20
51 21
51 26
51 29
51 30
51 32
51 33
51 35
51 40
51 42
51 44
51 47
51 51
51 53
51 60
52 9
52 11
52 20
52 22
52 23
52 26
52 29
52 34
52 43
52 48
52 52
52 53
52 58
53 7
53 8
53 9
53 11
53 14
53 20
53 21
53 22
53 23
53 26
53 29
53 30
53 32
53 35
53 40
53 42
53 43
53 44
53 47
53 48
53 51
53 52
53 53
53 58
54 1
54 6
54 12
54 13
54 28
54 34
54 36
54 37
54 38
54 54
55 55
56 56
57 1
57 12
57 13
57 15
57 19
57 24
57 25
57 28
57 36
57 38
57 41
57 50
57 57
58 9
58 11
58 20
58 22
58 23
58 26
58 29
58 43
58 48
58 52
58 53
58 58
59 17
59 49
59 59
60 0
60 7
60 8
60 10
60 14
60 20
60 21
60 26
60 29
60 30
60 31
60 32
60 33
60 40
60 42
60 44
60 46
60 47
60 51
60 60
