3 3
3 7
3 8
3 10
3 14
3 15
3 17
3 22
3 23
3 25
3 26
3 27
3 28
3 33
3 35
3 38
3 40
3 42
3 44
3 47
3 48
3 53
3 55
3 58
7 3
7 7
7 8
7 10
7 14
7 15
7 17
7 21
7 22
7 23
7 25
7 26
7 27
7 33
7 35
7 37
7 40
7 42
7 44
7 47
7 48
7 55
7 58
8 3
8 7
8 8
8 10
8 14
8 15
8 17
8 21
8 22
8 23
8 25
8 26
8 27
8 33
8 35
8 37
8 40
8 42
8 43
8 44
8 47
8 48
8 53
8 55
8 58
10 3
10 7
10 8
10 10
10 14
10 15
10 17
10 21
10 22
10 23
10 25
10 26
10 33
10 35
10 37
10 40
10 42
10 44
10 47
10 48
10 55
10 58
14 3
14 7
14 8
14 10
14 14
14 17
14 22
14 25
14 26
14 33
14 40
14 42
14 44
14 47
14 48
14 55
14 58
15 3
15 7
15 8
15 10
15 15
15 17
15 22
15 23
15 25
15 26
15 33
15 38
15 44
15 47
15 55
15 58
16 16
16 26
17 3
17 7
17 8
17 10
17 14
17 15
17 17
17 21
17 22
17 23
17 25
17 26
17 27
17 33
17 35
17 38
17 40
17 42
17 43
17 44
17 47
17 48
17 53
17 55
17 58
21 7
21 8
21 10
21 17
21 21
21 26
21 33
21 35
21 37
21 40
21 42
21 44
21 47
21 48
21 58
22 3
22 7
22 8
22 10
22 14
22 15
22 17
22 22
22 23
22 25
22 26
22 28
22 33
22 35
22 38
22 40
22 42
22 43
22 44
22 47
22 48
22 53
22 55
22 58
23 3
23 7
23 8
23 10
23 15
23 17
23 22
23 23
23 33
23 35
23 40
23 42
23 43
23 44
23 47
23 48
23 55
23 58
25 3
25 7
25 8
25 10
25 14
25 15
25 17
25 22
25 25
25 26
25 27
25 33
25 35
25 38
25 40
25 42
25 44
25 47
25 48
25 53
25 55
25 58
26 3
26 7
26 8
26 10
26 14
26 15
26 16
26 17
26 21
26 22
26 25
26 26
26 33
26 35
26 37
26 38
26 40
26 42
26 43
26 44
26 47
26 48
26 53
26 55
26 58
27 3
27 7
27 8
27 17
27 25
27 27
27 33
27 35
27 47
27 48
28 3
28 22
28 28
28 47
28 55
28 58
33 3
33 7
33 8
33 10
33 14
33 15
33 17
33 21
33 22
33 23
33 25
33 26
33 27
33 33
33 35
33 38
33 40
33 42
33 43
33 44
33 47
33 48
33 51
33 53
33 55
33 58
35 3
35 7
35 8
35 10
35 17
35 21
35 22
35 23
35 25
35 26
35 27
35 33
35 35
35 37
35 38
35 40
35 42
35 43
35 44
35 47
35 48
35 51
35 53
35 55
35 58
37 7
37 8
37 10
37 21
37 26
37 35
37 37
37 38
37 42
37 44
37 47
37 48
37 58
38 3
38 15
38 17
38 22
38 25
38 26
38 33
38 35
38 37
38 38
38 44
38 47
38 48
38 53
38 55
38 58
40 3
40 7
40 8
40 10
40 14
40 17
40 21
40 22
40 23
40 25
40 26
40 33
40 35
40 40
40 42
40 44
40 47
40 48
40 55
40 58
42 3
42 7
42 8
42 10
42 14
42 17
42 21
42 22
42 23
42 25
42 26
42 33
42 35
42 37
42 40
42 42
42 44
42 47
42 48
42 53
42 55
42 58
43 8
43 17
43 22
43 23
43 26
43 33
43 35
43 43
43 47
43 48
43 58
44 3
44 7
44 8
44 10
44 14
44 15
44 17
44 21
44 22
44 23
44 25
44 26
44 33
44 35
44 37
44 38
44 40
44 42
44 44
44 47
44 48
44 53
44 55
44 58
47 3
47 7
47 8
47 10
47 14
47 15
47 17
47 21
47 22
47 23
47 25
47 26
47 27
47 28
47 33
47 35
47 37
47 38
47 40
47 42
47 43
47 44
47 47
47 48
47 53
47 55
47 58
48 3
48 7
48 8
48 10
48 14
48 17
48 21
48 22
48 23
48 25
48 26
48 27
48 33
48 35
48 37
48 38
48 40
48 42
48 43
48 44
48 47
48 48
48 53
48 55
48 58
51 33
51 35
51 51
53 3
53 8
53 17
53 22
53 25
53 26
53 33
53 35
53 38
53 42
53 44
53 47
53 48
53 53
53 55
53 58
55 3
55 7
55 8
55 10
55 14
55 15
55 17
55 22
55 23
55 25
55 26
55 28
55 33
55 35
55 38
55 40
55 42
55 44
55 47
55 48
55 53
55 55
55 58
58 3
58 7
58 8
58 10
58 14
58 15
58 17
58 21
58 22
58 23
58 25
58 26
58 28
58 33
58 35
58 37
58 38
58 40
58 42
58 43
58 44
58 47
58 48
58 53
58 55
58 58
