0 0
1 1
1 5
1 15
1 16
1 17
1 19
1 25
1 29
1 38
1 41
1 48
1 53
1 57
3 3
3 16
3 17
3 22
3 23
3 25
3 27
3 29
3 48
3 53
3 57
5 1
5 5
5 6
5 15
5 16
5 17
5 25
5 38
5 41
5 53
5 57
6 5
6 6
6 14
6 15
6 16
6 17
6 19
6 22
6 23
6 25
6 29
6 34
6 35
6 36
6 38
6 39
6 40
6 41
6 43
6 45
6 48
6 53
6 57
8 8
8 22
8 23
8 29
8 38
8 40
8 42
8 43
8 47
9 9
9 17
9 23
9 29
9 43
9 53
14 6
14 14
14 15
14 16
14 17
14 19
14 22
14 23
14 25
14 29
14 42
14 43
14 48
14 52
14 53
14 57
15 1
15 5
15 6
15 14
15 15
15 16
15 17
15 19
15 22
15 23
15 25
15 29
15 38
15 41
15 43
15 45
15 48
15 53
15 57
16 1
16 3
16 5
16 6
16 14
16 15
16 16
16 17
16 19
16 22
16 23
16 25
16 27
16 28
16 29
16 36
16 38
16 41
16 42
16 43
16 45
16 48
16 53
16 57
17 1
17 3
17 5
17 6
17 9
17 14
17 15
17 16
17 17
17 19
17 22
17 23
17 25
17 27
17 29
17 35
17 38
17 41
17 42
17 43
17 48
17 53
17 57
19 1
19 6
19 14
19 15
19 16
19 17
19 19
19 22
19 23
19 25
19 29
19 38
19 41
19 43
19 57
22 3
22 6
22 8
22 14
22 15
22 16
22 17
22 19
22 22
22 23
22 25
22 27
22 29
22 35
22 36
22 38
22 43
22 48
22 52
22 53
22 57
23 3
23 6
23 8
23 9
23 14
23 15
23 16
23 17
23 19
23 22
23 23
23 25
23 27
23 29
23 36
23 38
23 40
23 42
23 43
23 47
23 48
23 52
23 53
23 57
25 1
25 3
25 5
25 6
25 14
25 15
25 16
25 17
25 19
25 22
25 23
25 25
25 27
25 28
25 29
25 38
25 41
25 43
25 45
25 48
25 53
25 57
27 3
27 16
27 17
27 22
27 23
27 25
27 27
27 29
27 43
27 48
28 16
28 25
28 28
28 38
29 1
29 3
29 6
29 8
29 9
29 14
29 15
29 16
29 17
29 19
29 22
29 23
29 25
29 27
29 29
29 36
29 38
29 40
29 41
29 42
29 43
29 45
29 47
29 48
29 53
29 57
29 59
34 6
34 34
35 6
35 17
35 22
35 35
35 38
35 43
36 6
36 16
36 22
36 23
36 29
36 36
36 38
36 48
36 59
38 1
38 5
38 6
38 8
38 15
38 16
38 17
38 19
38 22
38 23
38 25
38 28
38 29
38 35
38 36
38 38
38 41
38 42
38 43
38 45
38 47
38 48
38 53
38 57
38 59
39 6
39 39
40 6
40 8
40 23
40 29
40 40
40 42
40 47
40 57
41 1
41 5
41 6
41 15
41 16
41 17
41 19
41 25
41 29
41 38
41 41
41 47
41 48
41 57
42 8
42 14
42 16
42 17
42 23
42 29
42 38
42 40
42 42
42 43
42 47
42 48
42 53
43 6
43 8
43 9
43 14
43 15
43 16
43 17
43 19
43 22
43 23
43 25
43 27
43 29
43 35
43 38
43 42
43 43
43 47
43 48
43 53
43 57
45 6
45 15
45 16
45 25
45 29
45 38
45 45
45 57
47 8
47 23
47 29
47 38
47 40
47 41
47 42
47 43
47 47
47 48
48 1
48 3
48 6
48 14
48 15
48 16
48 17
48 22
48 23
48 25
48 27
48 29
48 36
48 38
48 41
48 42
48 43
48 47
48 48
48 53
48 57
48 59
52 14
52 22
52 23
52 52
52 57
53 1
53 3
53 5
53 6
53 9
53 14
53 15
53 16
53 17
53 22
53 23
53 25
53 29
53 38
53 42
53 43
53 48
53 53
53 57
54 54
57 1
57 3
57 5
57 6
57 14
57 15
57 16
57 17
57 19
57 22
57 23
57 25
57 29
57 38
57 40
57 41
57 43
57 45
57 48
57 52
57 53
57 57
59 29
59 36
59 38
59 48
59 59
