0 0
0 119
0 316
0 317
4 4
4 6
4 29
4 52
4 64
4 84
4 92
4 121
4 169
4 243
4 257
4 286
4 297
4 302
4 316
4 317
4 350
4 352
4 363
4 365
4 371
4 383
4 395
4 406
4 466
6 4
6 6
6 29
6 33
6 35
6 45
6 52
6 64
6 68
6 79
6 84
6 92
6 96
6 121
6 122
6 125
6 170
6 178
6 189
6 210
6 218
6 240
6 243
6 257
6 259
6 286
6 290
6 297
6 302
6 303
6 306
6 316
6 317
6 348
6 352
6 355
6 363
6 365
6 371
6 374
6 380
6 383
6 384
6 395
6 398
6 411
6 419
6 427
6 432
6 458
6 466
9 9
9 84
9 96
9 170
9 214
9 229
9 316
9 317
29 4
29 6
29 29
29 35
29 64
29 74
29 92
29 96
29 121
29 122
29 135
29 136
29 162
29 215
29 243
29 257
29 286
29 302
29 316
29 317
29 352
29 365
29 374
29 383
29 387
29 395
29 402
29 408
29 419
29 427
29 428
29 431
29 466
33 6
33 33
33 64
33 68
33 121
33 122
33 162
33 169
33 286
33 297
33 302
33 316
33 317
33 355
33 372
33 383
33 395
33 408
34 34
34 35
34 68
34 77
34 92
34 120
34 125
34 139
34 210
34 231
34 243
34 257
34 294
34 297
34 316
34 317
34 336
34 346
34 348
34 350
34 352
34 371
34 374
34 384
35 6
35 29
35 34
35 35
35 68
35 74
35 77
35 79
35 84
35 90
35 92
35 96
35 120
35 124
35 125
35 139
35 142
35 162
35 169
35 210
35 215
35 231
35 243
35 290
35 294
35 297
35 299
35 302
35 303
35 306
35 316
35 317
35 348
35 350
35 352
35 371
35 374
35 380
35 383
35 384
35 387
35 406
35 408
35 411
35 427
35 428
35 431
35 432
35 470
45 6
45 45
45 52
45 68
45 69
45 84
45 92
45 115
45 121
45 139
45 169
45 229
45 243
45 259
45 263
45 290
45 294
45 297
45 302
45 346
45 352
45 355
45 363
45 371
45 374
45 380
45 395
45 399
45 406
45 423
45 432
52 4
52 6
52 45
52 52
52 60
52 68
52 74
52 79
52 90
52 99
52 169
52 251
52 290
52 291
52 297
52 302
52 316
52 317
52 333
52 350
52 363
52 380
52 387
52 402
52 407
52 466
56 56
56 68
56 125
56 223
56 296
56 297
56 355
60 52
60 60
60 68
60 84
60 92
60 215
60 223
60 286
60 316
60 317
60 407
60 428
60 458
60 466
64 4
64 6
64 29
64 33
64 64
64 92
64 115
64 121
64 122
64 125
64 137
64 229
64 243
64 257
64 263
64 286
64 292
64 296
64 302
64 315
64 316
64 317
64 318
64 352
64 355
64 365
64 371
64 383
64 395
64 402
64 406
64 429
64 432
64 438
64 459
64 466
68 6
68 33
68 34
68 35
68 45
68 52
68 56
68 60
68 68
68 74
68 77
68 84
68 85
68 92
68 96
68 99
68 124
68 125
68 131
68 139
68 142
68 169
68 178
68 189
68 196
68 210
68 215
68 218
68 223
68 229
68 231
68 243
68 259
68 263
68 286
68 290
68 294
68 296
68 297
68 299
68 302
68 303
68 306
68 316
68 317
68 318
68 346
68 348
68 350
68 352
68 355
68 371
68 374
68 380
68 383
68 387
68 395
68 399
68 402
68 403
68 407
68 419
68 425
68 428
68 458
68 466
69 45
69 69
69 84
69 92
69 96
69 115
69 121
69 162
69 223
69 335
69 355
69 383
69 399
69 403
69 408
69 458
74 29
74 35
74 52
74 68
74 74
74 84
74 92
74 96
74 99
74 122
74 135
74 136
74 142
74 162
74 169
74 231
74 243
74 290
74 291
74 297
74 316
74 317
74 348
74 350
74 352
74 371
74 374
74 380
74 383
74 387
74 402
74 408
74 419
74 427
74 431
77 34
77 35
77 68
77 77
77 92
77 96
77 137
77 139
77 169
77 210
77 215
77 223
77 240
77 257
77 275
77 290
77 294
77 296
77 297
77 299
77 303
77 306
77 318
77 336
77 371
77 374
77 380
77 384
77 399
77 406
77 407
77 419
77 427
77 428
77 470
79 6
79 35
79 52
79 79
79 84
79 299
79 302
79 303
79 306
79 374
79 399
79 406
79 411
79 427
79 470
84 4
84 6
84 9
84 35
84 45
84 60
84 68
84 69
84 74
84 79
84 84
84 92
84 96
84 99
84 115
84 121
84 142
84 170
84 214
84 218
84 223
84 229
84 231
84 297
84 302
84 303
84 306
84 316
84 317
84 350
84 355
84 363
84 371
84 374
84 375
84 387
84 399
84 407
84 419
84 427
84 432
84 458
85 68
85 85
85 131
85 316
85 317
85 318
85 419
90 35
90 52
90 90
90 92
90 99
90 120
90 125
90 170
90 178
90 189
90 243
90 251
90 257
90 333
90 348
90 352
90 371
90 406
90 432
92 4
92 6
92 29
92 34
92 35
92 45
92 60
92 64
92 68
92 69
92 74
92 77
92 84
92 90
92 92
92 96
92 99
92 115
92 120
92 121
92 125
92 137
92 139
92 142
92 162
92 170
92 178
92 189
92 210
92 215
92 223
92 229
92 231
92 240
92 243
92 257
92 259
92 263
92 275
92 286
92 290
92 294
92 297
92 302
92 316
92 317
92 348
92 350
92 352
92 355
92 365
92 371
92 374
92 380
92 383
92 387
92 395
92 399
92 406
92 408
92 425
92 427
92 428
92 432
92 438
92 458
92 459
92 466
92 470
96 6
96 9
96 29
96 35
96 68
96 69
96 74
96 77
96 84
96 92
96 96
96 99
96 121
96 139
96 142
96 162
96 170
96 214
96 215
96 223
96 229
96 243
96 253
96 257
96 290
96 294
96 299
96 300
96 302
96 303
96 306
96 316
96 317
96 335
96 352
96 371
96 380
96 383
96 387
96 398
96 403
96 408
96 427
96 428
96 431
96 459
96 466
99 52
99 68
99 74
99 84
99 90
99 92
99 96
99 99
99 251
99 297
99 333
99 348
99 387
113 113
113 115
113 259
113 383
113 388
115 45
115 64
115 69
115 84
115 92
115 113
115 115
115 259
115 355
115 371
115 383
115 388
115 399
115 438
115 459
119 0
119 119
119 316
119 317
120 34
120 35
120 90
120 92
120 120
120 125
120 139
120 231
120 243
120 263
120 294
120 297
120 316
120 317
120 350
120 352
120 355
120 371
120 384
120 395
120 406
120 432
121 4
121 6
121 29
121 33
121 45
121 64
121 69
121 84
121 92
121 96
121 121
121 122
121 139
121 162
121 211
121 223
121 240
121 243
121 257
121 259
121 286
121 294
121 297
121 302
121 316
121 317
121 335
121 350
121 352
121 355
121 363
121 365
121 371
121 374
121 383
121 395
121 399
121 403
121 406
121 408
121 423
121 432
121 458
121 466
122 6
122 29
122 33
122 64
122 74
122 121
122 122
122 135
122 136
122 170
122 243
122 286
122 302
122 316
122 317
122 352
122 374
122 383
122 387
122 395
122 402
122 419
124 35
124 68
124 124
124 348
125 6
125 34
125 35
125 56
125 64
125 68
125 90
125 92
125 120
125 125
125 170
125 178
125 189
125 223
125 243
125 292
125 296
125 297
125 302
125 346
125 352
125 355
125 371
125 406
125 429
125 432
131 68
131 85
131 131
131 299
131 316
131 317
131 318
135 29
135 74
135 122
135 135
135 136
135 243
135 297
135 352
135 374
135 387
135 402
135 419
136 29
136 74
136 122
136 135
136 136
136 243
136 297
136 352
136 374
136 387
136 402
136 419
137 64
137 77
137 92
137 137
137 229
137 297
137 363
137 399
137 402
137 432
139 34
139 35
139 45
139 68
139 77
139 92
139 96
139 120
139 121
139 139
139 215
139 257
139 294
139 297
139 299
139 303
139 306
139 316
139 317
139 346
139 350
139 363
139 371
139 374
139 383
139 398
139 423
139 428
139 466
142 35
142 68
142 74
142 84
142 92
142 96
142 142
142 231
142 290
142 297
142 300
142 350
142 355
142 371
142 380
142 387
142 427
142 432
142 470
144 144
144 322
162 29
162 33
162 35
162 69
162 74
162 92
162 96
162 121
162 162
162 243
162 251
162 297
162 315
162 316
162 317
162 333
162 352
162 355
162 372
162 383
162 387
162 399
162 408
162 419
162 427
162 431
162 458
169 4
169 33
169 35
169 45
169 52
169 68
169 74
169 77
169 169
169 196
169 210
169 215
169 231
169 290
169 297
169 346
169 350
169 355
169 371
169 380
169 387
169 419
169 428
169 466
169 470
170 6
170 9
170 84
170 90
170 92
170 96
170 122
170 125
170 170
170 178
170 189
170 214
170 229
170 257
170 302
170 316
170 317
170 348
170 419
170 432
178 6
178 68
178 90
178 92
178 125
178 170
178 178
178 189
178 223
178 257
178 263
178 302
178 348
178 374
178 432
189 6
189 68
189 90
189 92
189 125
189 170
189 178
189 189
189 223
189 257
189 263
189 302
189 348
189 374
189 432
196 68
196 169
196 196
196 215
196 419
196 428
210 6
210 34
210 35
210 68
210 77
210 92
210 169
210 210
210 215
210 223
210 231
210 243
210 297
210 302
210 348
210 350
210 352
210 355
210 371
210 383
210 427
210 428
210 470
211 121
211 211
211 259
214 9
214 84
214 96
214 170
214 214
214 229
214 316
214 317
215 29
215 35
215 60
215 68
215 77
215 92
215 96
215 139
215 169
215 196
215 210
215 215
215 243
215 290
215 294
215 296
215 299
215 303
215 306
215 318
215 352
215 371
215 380
215 383
215 407
215 419
215 428
215 466
215 470
218 6
218 68
218 84
218 218
218 223
218 243
218 259
218 286
218 297
218 302
218 352
218 355
218 374
218 383
218 419
218 458
223 56
223 60
223 68
223 69
223 77
223 84
223 92
223 96
223 121
223 125
223 178
223 189
223 210
223 218
223 223
223 257
223 263
223 297
223 335
223 355
223 374
223 383
223 399
223 403
223 419
223 458
229 9
229 45
229 64
229 68
229 84
229 92
229 96
229 137
229 170
229 214
229 229
229 243
229 259
229 263
229 297
229 316
229 317
229 352
229 395
229 399
229 432
231 34
231 35
231 68
231 74
231 84
231 92
231 120
231 142
231 169
231 210
231 231
231 243
231 263
231 290
231 297
231 348
231 350
231 352
231 355
231 380
231 384
231 387
231 395
231 419
240 6
240 77
240 92
240 121
240 240
240 302
240 406
240 432
243 4
243 6
243 29
243 34
243 35
243 45
243 64
243 68
243 74
243 90
243 92
243 96
243 120
243 121
243 122
243 125
243 135
243 136
243 162
243 210
243 215
243 218
243 229
243 231
243 243
243 257
243 259
243 263
243 286
243 297
243 299
243 302
243 316
243 317
243 348
243 350
243 352
243 355
243 365
243 371
243 374
243 383
243 387
243 395
243 399
243 402
243 406
243 408
243 419
243 427
243 428
243 431
243 432
243 458
243 466
243 470
251 52
251 90
251 99
251 162
251 251
251 333
251 408
253 96
253 253
253 290
253 380
253 398
253 459
257 4
257 6
257 29
257 34
257 64
257 77
257 90
257 92
257 96
257 121
257 139
257 170
257 178
257 189
257 223
257 243
257 257
257 286
257 294
257 302
257 316
257 317
257 336
257 348
257 352
257 365
257 374
257 383
257 384
257 395
257 399
257 419
257 432
257 466
259 6
259 45
259 68
259 92
259 113
259 115
259 121
259 211
259 218
259 229
259 243
259 259
259 263
259 286
259 297
259 302
259 352
259 355
259 374
259 383
259 388
259 395
259 399
259 419
259 458
263 45
263 64
263 68
263 92
263 120
263 178
263 189
263 223
263 229
263 231
263 243
263 259
263 263
263 297
263 315
263 352
263 355
263 374
263 384
263 395
263 399
263 406
267 267
267 321
267 399
267 466
275 77
275 92
275 275
275 290
275 380
275 427
286 4
286 6
286 29
286 33
286 60
286 64
286 68
286 92
286 121
286 122
286 218
286 243
286 257
286 259
286 286
286 297
286 302
286 303
286 306
286 316
286 317
286 352
286 355
286 365
286 374
286 383
286 395
286 406
286 419
286 438
286 458
286 466
290 6
290 35
290 45
290 52
290 68
290 74
290 77
290 92
290 96
290 142
290 169
290 215
290 231
290 253
290 275
290 290
290 297
290 302
290 350
290 355
290 363
290 371
290 380
290 387
290 398
290 407
290 427
290 428
290 459
290 470
291 52
291 74
291 291
291 387
292 64
292 125
292 292
292 355
292 429
294 34
294 35
294 45
294 68
294 77
294 92
294 96
294 120
294 121
294 139
294 215
294 257
294 294
294 297
294 299
294 303
294 306
294 316
294 317
294 346
294 350
294 363
294 371
294 374
294 383
294 398
294 423
294 428
294 466
296 56
296 64
296 68
296 77
296 125
296 215
296 296
296 297
296 318
296 402
296 407
296 428
297 4
297 6
297 33
297 34
297 35
297 45
297 52
297 56
297 68
297 74
297 77
297 84
297 92
297 99
297 120
297 121
297 125
297 135
297 136
297 137
297 139
297 142
297 162
297 169
297 210
297 218
297 223
297 229
297 231
297 243
297 259
297 263
297 286
297 290
297 294
297 296
297 297
297 302
297 315
297 316
297 317
297 346
297 348
297 350
297 352
297 355
297 363
297 371
297 372
297 374
297 380
297 383
297 384
297 387
297 395
297 399
297 402
297 406
297 408
297 419
297 438
297 458
297 470
299 35
299 68
299 77
299 79
299 96
299 131
299 139
299 215
299 243
299 294
299 299
299 303
299 306
299 352
299 374
299 406
299 427
299 428
299 470
300 96
300 142
300 300
302 4
302 6
302 29
302 33
302 35
302 45
302 52
302 64
302 68
302 79
302 84
302 92
302 96
302 121
302 122
302 125
302 170
302 178
302 189
302 210
302 218
302 240
302 243
302 257
302 259
302 286
302 290
302 297
302 302
302 303
302 306
302 316
302 317
302 348
302 352
302 355
302 363
302 365
302 371
302 374
302 380
302 383
302 384
302 395
302 398
302 411
302 419
302 427
302 432
302 458
302 466
303 6
303 35
303 68
303 77
303 79
303 84
303 96
303 139
303 215
303 286
303 294
303 299
303 302
303 303
303 306
303 406
303 428
306 6
306 35
306 68
306 77
306 79
306 84
306 96
306 139
306 215
306 286
306 294
306 299
306 302
306 303
306 306
306 406
306 428
315 64
315 162
315 263
315 297
315 315
315 399
315 406
315 408
315 419
316 0
316 4
316 6
316 9
316 29
316 33
316 34
316 35
316 52
316 60
316 64
316 68
316 74
316 84
316 85
316 92
316 96
316 119
316 120
316 121
316 122
316 131
316 139
316 162
316 170
316 214
316 229
316 243
316 257
316 286
316 294
316 297
316 302
316 316
316 317
316 318
316 350
316 352
316 365
316 371
316 383
316 387
316 395
316 407
316 408
316 427
316 431
316 466
317 0
317 4
317 6
317 9
317 29
317 33
317 34
317 35
317 52
317 60
317 64
317 68
317 74
317 84
317 85
317 92
317 96
317 119
317 120
317 121
317 122
317 131
317 139
317 162
317 170
317 214
317 229
317 243
317 257
317 286
317 294
317 297
317 302
317 316
317 317
317 318
317 350
317 352
317 365
317 371
317 383
317 387
317 395
317 407
317 408
317 427
317 431
317 466
318 64
318 68
318 77
318 85
318 131
318 215
318 296
318 316
318 317
318 318
318 402
318 407
318 428
321 267
321 321
321 399
321 466
322 144
322 322
333 52
333 90
333 99
333 162
333 251
333 333
333 408
335 69
335 96
335 121
335 223
335 335
335 403
336 34
336 77
336 257
336 336
336 374
336 384
346 34
346 45
346 68
346 125
346 139
346 169
346 294
346 297
346 346
346 355
348 6
348 34
348 35
348 68
348 74
348 90
348 92
348 99
348 124
348 170
348 178
348 189
348 210
348 231
348 243
348 257
348 297
348 302
348 348
348 350
348 352
348 355
348 374
348 384
348 387
348 427
348 432
350 4
350 34
350 35
350 52
350 68
350 74
350 84
350 92
350 120
350 121
350 139
350 142
350 169
350 210
350 231
350 243
350 290
350 294
350 297
350 316
350 317
350 348
350 350
350 352
350 363
350 371
350 380
350 387
350 395
350 466
352 4
352 6
352 29
352 34
352 35
352 45
352 64
352 68
352 74
352 90
352 92
352 96
352 120
352 121
352 122
352 125
352 135
352 136
352 162
352 210
352 215
352 218
352 229
352 231
352 243
352 257
352 259
352 263
352 286
352 297
352 299
352 302
352 316
352 317
352 348
352 350
352 352
352 355
352 365
352 371
352 374
352 383
352 387
352 395
352 399
352 402
352 406
352 408
352 419
352 427
352 428
352 431
352 432
352 458
352 466
352 470
355 6
355 33
355 45
355 56
355 64
355 68
355 69
355 84
355 92
355 115
355 120
355 121
355 125
355 142
355 162
355 169
355 210
355 218
355 223
355 231
355 243
355 259
355 263
355 286
355 290
355 292
355 297
355 302
355 346
355 348
355 352
355 355
355 371
355 374
355 380
355 383
355 384
355 395
355 399
355 408
355 419
355 427
355 429
355 438
355 458
363 4
363 6
363 45
363 52
363 84
363 121
363 137
363 139
363 290
363 294
363 297
363 302
363 350
363 363
363 371
363 374
363 380
363 402
363 423
365 4
365 6
365 29
365 64
365 92
365 121
365 243
365 257
365 286
365 302
365 316
365 317
365 352
365 365
365 383
365 395
365 466
371 4
371 6
371 34
371 35
371 45
371 64
371 68
371 74
371 77
371 84
371 90
371 92
371 96
371 115
371 120
371 121
371 125
371 139
371 142
371 169
371 210
371 215
371 243
371 290
371 294
371 297
371 302
371 316
371 317
371 350
371 352
371 355
371 363
371 371
371 374
371 380
371 387
371 398
371 406
371 423
371 428
371 432
371 438
371 459
371 466
371 470
372 33
372 162
372 297
372 372
372 408
374 6
374 29
374 34
374 35
374 45
374 68
374 74
374 77
374 79
374 84
374 92
374 121
374 122
374 135
374 136
374 139
374 178
374 189
374 218
374 223
374 243
374 257
374 259
374 263
374 286
374 294
374 297
374 299
374 302
374 336
374 348
374 352
374 355
374 363
374 371
374 374
374 383
374 384
374 387
374 399
374 402
374 406
374 419
374 423
374 425
374 427
374 432
374 458
374 470
375 84
375 375
380 6
380 35
380 45
380 52
380 68
380 74
380 77
380 92
380 96
380 142
380 169
380 215
380 231
380 253
380 275
380 290
380 297
380 302
380 350
380 355
380 363
380 371
380 380
380 387
380 398
380 407
380 427
380 428
380 459
380 470
383 4
383 6
383 29
383 33
383 35
383 64
383 68
383 69
383 74
383 92
383 96
383 113
383 115
383 121
383 122
383 139
383 162
383 210
383 215
383 218
383 223
383 243
383 257
383 259
383 286
383 294
383 297
383 302
383 316
383 317
383 352
383 355
383 365
383 374
383 383
383 387
383 388
383 395
383 399
383 408
383 419
383 428
383 458
383 466
384 6
384 34
384 35
384 77
384 120
384 231
384 257
384 263
384 297
384 302
384 336
384 348
384 355
384 374
384 384
384 395
387 29
387 35
387 52
387 68
387 74
387 84
387 92
387 96
387 99
387 122
387 135
387 136
387 142
387 162
387 169
387 231
387 243
387 290
387 291
387 297
387 316
387 317
387 348
387 350
387 352
387 371
387 374
387 380
387 383
387 387
387 402
387 408
387 419
387 427
387 431
388 113
388 115
388 259
388 383
388 388
395 4
395 6
395 29
395 33
395 45
395 64
395 68
395 92
395 120
395 121
395 122
395 229
395 231
395 243
395 257
395 259
395 263
395 286
395 297
395 302
395 316
395 317
395 350
395 352
395 355
395 365
395 383
395 384
395 395
395 399
395 425
395 466
398 6
398 96
398 139
398 253
398 290
398 294
398 302
398 371
398 380
398 398
398 459
399 45
399 68
399 69
399 77
399 79
399 84
399 92
399 115
399 121
399 137
399 162
399 223
399 229
399 243
399 257
399 259
399 263
399 267
399 297
399 315
399 321
399 352
399 355
399 374
399 383
399 395
399 399
399 408
399 419
399 425
399 458
399 466
402 29
402 52
402 64
402 68
402 74
402 122
402 135
402 136
402 137
402 243
402 296
402 297
402 318
402 352
402 363
402 374
402 387
402 402
402 419
403 68
403 69
403 96
403 121
403 223
403 335
403 403
406 4
406 35
406 45
406 64
406 77
406 79
406 90
406 92
406 120
406 121
406 125
406 240
406 243
406 263
406 286
406 297
406 299
406 303
406 306
406 315
406 352
406 371
406 374
406 406
406 427
406 432
406 470
407 52
407 60
407 68
407 77
407 84
407 215
407 290
407 296
407 316
407 317
407 318
407 380
407 407
407 428
407 470
408 29
408 33
408 35
408 69
408 74
408 92
408 96
408 121
408 162
408 243
408 251
408 297
408 315
408 316
408 317
408 333
408 352
408 355
408 372
408 383
408 387
408 399
408 408
408 419
408 427
408 431
408 458
411 6
411 35
411 79
411 302
411 411
419 6
419 29
419 68
419 74
419 77
419 84
419 85
419 122
419 135
419 136
419 162
419 169
419 170
419 196
419 215
419 218
419 223
419 231
419 243
419 257
419 259
419 286
419 297
419 302
419 315
419 352
419 355
419 374
419 383
419 387
419 399
419 402
419 408
419 419
419 428
419 458
423 45
423 121
423 139
423 294
423 363
423 371
423 374
423 423
425 68
425 92
425 374
425 395
425 399
425 425
427 6
427 29
427 35
427 74
427 77
427 79
427 84
427 92
427 96
427 142
427 162
427 210
427 243
427 275
427 290
427 299
427 302
427 316
427 317
427 348
427 352
427 355
427 374
427 380
427 387
427 406
427 408
427 427
427 431
427 432
427 470
428 29
428 35
428 60
428 68
428 77
428 92
428 96
428 139
428 169
428 196
428 210
428 215
428 243
428 290
428 294
428 296
428 299
428 303
428 306
428 318
428 352
428 371
428 380
428 383
428 407
428 419
428 428
428 466
428 470
429 64
429 125
429 292
429 355
429 429
431 29
431 35
431 74
431 96
431 162
431 243
431 316
431 317
431 352
431 387
431 408
431 427
431 431
432 6
432 35
432 45
432 64
432 84
432 90
432 92
432 120
432 121
432 125
432 137
432 142
432 170
432 178
432 189
432 229
432 240
432 243
432 257
432 302
432 348
432 352
432 371
432 374
432 406
432 427
432 432
438 64
438 92
438 115
438 286
438 297
438 355
438 371
438 438
438 459
442 442
458 6
458 60
458 68
458 69
458 84
458 92
458 121
458 162
458 218
458 223
458 243
458 259
458 286
458 297
458 302
458 352
458 355
458 374
458 383
458 399
458 408
458 419
458 458
459 64
459 92
459 96
459 115
459 253
459 290
459 371
459 380
459 398
459 438
459 459
466 4
466 6
466 29
466 52
466 60
466 64
466 68
466 92
466 96
466 121
466 139
466 169
466 215
466 243
466 257
466 267
466 286
466 294
466 302
466 316
466 317
466 321
466 350
466 352
466 365
466 371
466 383
466 395
466 399
466 428
466 466
470 35
470 77
470 79
470 92
470 142
470 169
470 210
470 215
470 243
470 290
470 297
470 299
470 352
470 371
470 374
470 380
470 406
470 407
470 427
470 428
470 470
