0 236
4 64
4 104
4 124
4 138
4 140
4 143
4 191
4 355
4 427
4 474
4 563
6 4
6 6
6 8
6 10
6 12
6 16
6 18
6 20
6 33
6 41
6 50
6 55
6 103
6 110
6 138
6 140
6 143
6 166
6 168
6 173
6 175
6 191
6 213
6 254
6 290
6 368
6 371
6 421
6 427
6 433
6 440
6 443
6 444
6 445
6 452
6 454
6 456
6 474
6 482
6 526
6 565
9 358
9 359
29 138
29 140
29 143
29 191
29 209
29 211
29 221
29 427
29 463
29 474
33 33
33 41
33 83
33 84
33 153
33 157
33 159
33 161
33 430
34 108
34 164
34 215
34 217
34 286
34 328
34 431
34 535
35 96
35 130
35 133
35 168
35 189
35 221
35 252
35 272
35 286
35 328
35 406
35 407
35 408
35 409
35 410
35 411
35 412
35 413
35 423
35 433
35 452
35 498
35 501
35 526
35 535
45 67
45 93
45 289
45 330
45 344
45 350
45 368
45 371
45 419
45 443
45 444
45 545
52 45
52 73
52 104
52 223
52 237
52 278
52 280
52 357
52 362
52 368
52 371
52 438
52 441
52 443
52 444
52 508
56 400
56 401
56 442
60 198
60 348
60 362
60 376
60 379
60 429
64 33
64 37
64 40
64 41
64 99
64 138
64 140
64 143
64 149
64 191
64 194
64 196
64 226
64 231
64 233
64 341
64 427
64 474
64 491
64 519
64 538
64 559
68 67
68 92
68 101
68 107
68 110
68 133
68 153
68 157
68 159
68 161
68 164
68 170
68 185
68 187
68 223
68 237
68 274
68 315
68 317
68 320
68 322
68 325
68 330
68 343
68 362
68 380
68 385
68 429
68 430
68 442
68 451
68 455
68 500
68 501
68 537
68 545
68 554
68 556
69 265
69 267
69 268
69 294
69 297
69 299
69 419
74 27
74 45
74 176
74 177
74 221
74 315
74 317
74 320
74 322
74 325
74 382
74 406
74 407
74 408
74 409
74 410
74 411
74 412
74 413
74 423
74 463
77 76
77 79
77 86
77 108
77 225
77 252
77 302
77 303
77 327
77 335
77 336
77 337
77 338
77 383
77 432
77 439
77 450
77 464
77 501
79 122
79 168
79 452
79 499
79 508
79 526
84 50
84 81
84 117
84 119
84 128
84 176
84 177
84 185
84 187
84 198
84 219
84 239
84 355
84 358
84 359
84 419
84 471
84 482
84 502
84 503
84 512
84 526
85 274
85 469
85 554
85 556
90 91
90 96
90 121
90 261
90 375
90 378
90 438
90 540
92 50
92 67
92 86
92 96
92 98
92 103
92 107
92 138
92 140
92 143
92 164
92 166
92 176
92 177
92 191
92 209
92 211
92 213
92 261
92 263
92 265
92 267
92 268
92 286
92 327
92 328
92 335
92 336
92 337
92 341
92 376
92 389
92 427
92 439
92 455
92 464
92 471
92 474
92 481
92 482
92 535
92 537
96 56
96 60
96 72
96 221
96 294
96 297
96 299
96 358
96 359
96 364
96 421
96 422
96 435
96 471
96 481
96 501
99 315
99 317
99 320
99 322
99 325
99 438
99 471
101 315
101 317
101 320
101 322
101 325
101 438
101 471
113 249
113 453
113 480
115 341
115 372
115 415
115 419
115 453
115 480
119 236
120 96
120 282
120 284
120 286
120 328
120 535
121 33
121 41
121 55
121 64
121 138
121 140
121 143
121 191
121 260
121 265
121 267
121 268
121 294
121 297
121 299
121 344
121 350
121 355
121 402
121 422
121 427
121 474
121 563
122 33
122 41
122 460
122 463
124 133
125 4
125 6
125 8
125 10
125 12
125 16
125 18
125 20
125 96
125 194
125 196
125 215
125 217
125 400
125 401
125 431
125 440
125 442
125 445
125 565
131 274
131 343
131 380
131 385
131 542
131 554
131 556
135 347
135 463
136 347
136 463
137 99
137 226
137 304
137 306
137 308
137 310
137 311
137 392
137 395
137 464
137 492
137 493
137 495
137 496
137 497
137 519
139 112
139 114
139 242
139 286
139 328
139 344
139 350
139 377
139 422
139 501
139 535
139 539
142 72
142 81
142 101
142 239
142 389
142 406
142 407
142 408
142 409
142 410
142 411
142 412
142 413
142 423
144 179
162 83
162 84
162 221
162 265
162 267
162 268
162 434
162 561
169 27
169 73
169 92
169 124
169 153
169 157
169 159
169 161
169 252
169 278
169 280
169 330
169 430
169 441
169 462
169 545
170 4
170 6
170 8
170 10
170 12
170 16
170 18
170 20
170 261
170 358
170 359
170 440
170 445
170 460
170 565
178 4
178 6
178 8
178 10
178 12
178 16
178 18
178 20
178 107
178 261
178 440
178 445
178 455
178 565
189 4
189 6
189 8
189 10
189 12
189 16
189 18
189 20
189 107
189 261
189 440
189 445
189 455
189 565
196 92
210 103
210 164
210 170
210 213
210 252
211 260
211 402
214 358
214 359
215 76
215 79
215 87
215 89
215 92
215 209
215 211
215 252
215 272
215 302
215 303
215 353
215 383
215 429
215 432
215 450
215 501
218 110
218 512
223 107
223 170
223 198
223 225
223 294
223 297
223 299
223 400
223 401
223 455
223 512
228 27
228 56
228 60
228 87
228 89
228 101
228 335
228 336
228 337
228 338
228 368
228 371
228 406
228 407
228 408
228 409
228 410
228 411
228 412
228 413
228 423
228 435
228 439
228 443
228 444
229 67
229 93
229 99
229 226
229 358
229 359
229 519
231 27
231 164
231 185
231 187
231 245
231 282
231 284
231 404
231 406
231 407
231 408
231 409
231 410
231 411
231 412
231 413
231 423
231 476
231 509
240 55
240 86
240 327
243 67
243 96
243 110
243 138
243 140
243 143
243 164
243 191
243 221
243 272
243 329
243 427
243 463
243 474
251 434
251 438
252 112
252 114
252 242
252 286
252 328
252 344
252 350
252 377
252 422
252 501
252 535
252 539
253 56
253 60
253 435
257 108
257 138
257 140
257 143
257 191
257 225
257 261
257 422
257 427
257 474
257 481
259 67
259 110
259 402
259 453
259 480
263 67
263 107
263 282
263 284
263 455
263 538
267 472
275 335
275 336
275 337
275 338
275 439
286 33
286 41
286 110
286 135
286 138
286 140
286 143
286 191
286 376
286 397
286 398
286 427
286 458
286 474
290 27
290 56
290 60
290 87
290 89
290 101
290 335
290 336
290 337
290 338
290 368
290 371
290 406
290 407
290 408
290 409
290 410
290 411
290 412
290 413
290 423
290 435
290 439
290 443
290 444
291 45
292 194
292 196
292 247
294 112
294 114
294 242
294 286
294 328
294 344
294 350
294 377
294 422
294 501
294 535
294 539
296 37
296 40
296 76
296 79
296 149
296 231
296 233
296 302
296 303
296 383
296 432
296 442
296 450
296 491
296 559
297 64
297 67
297 83
297 84
297 101
297 104
297 110
297 164
297 183
297 185
297 187
297 205
297 207
297 244
297 263
297 282
297 284
297 286
297 304
297 306
297 308
297 310
297 311
297 315
297 317
297 320
297 322
297 325
297 328
297 330
297 347
297 355
297 357
297 389
297 390
297 392
297 395
297 400
297 401
297 442
297 464
297 492
297 493
297 495
297 496
297 497
297 535
297 544
297 545
297 561
297 563
299 122
299 329
299 501
299 542
300 72
302 4
302 6
302 8
302 10
302 12
302 16
302 18
302 20
302 33
302 41
302 50
302 55
302 103
302 110
302 138
302 140
302 143
302 166
302 168
302 173
302 175
302 191
302 213
302 254
302 290
302 368
302 371
302 421
302 427
302 433
302 440
302 443
302 444
302 445
302 452
302 454
302 456
302 474
302 482
302 526
302 565
303 458
303 501
303 526
306 458
306 501
306 526
315 538
315 561
316 33
316 41
316 138
316 140
316 143
316 191
316 221
316 236
316 274
316 286
316 328
316 343
316 358
316 359
316 362
316 380
316 385
316 427
316 474
316 535
316 554
316 556
317 33
317 41
317 138
317 140
317 143
317 191
317 221
317 236
317 274
317 286
317 328
317 343
317 358
317 359
317 362
317 380
317 385
317 427
317 474
317 535
317 554
317 556
318 37
318 40
318 76
318 79
318 149
318 231
318 233
318 274
318 302
318 303
318 343
318 380
318 383
318 385
318 432
318 450
318 491
318 554
318 556
318 559
321 472
322 179
333 434
333 438
335 294
335 297
335 299
336 108
346 112
346 114
346 215
346 217
346 330
346 431
346 545
348 103
348 133
348 164
348 189
348 213
348 254
348 261
348 315
348 317
348 320
348 322
348 325
348 447
348 456
350 27
350 73
350 164
350 248
350 278
350 280
350 286
350 328
350 355
350 406
350 407
350 408
350 409
350 410
350 411
350 412
350 413
350 423
350 441
350 535
352 67
352 96
352 110
352 138
352 140
352 143
352 164
352 191
352 221
352 272
352 329
352 427
352 463
352 474
355 101
355 103
355 110
355 153
355 157
355 159
355 161
355 170
355 194
355 196
355 213
355 247
355 265
355 267
355 268
355 282
355 284
355 330
355 397
355 398
355 400
355 401
355 419
355 430
355 545
363 304
363 306
363 308
363 310
363 311
363 350
363 355
363 368
363 371
363 392
363 395
363 443
363 444
363 492
363 493
363 495
363 496
363 497
365 138
365 140
365 143
365 191
365 427
365 474
371 64
371 96
371 98
371 101
371 176
371 177
371 205
371 207
371 242
371 252
371 286
371 290
371 328
371 341
371 344
371 350
371 377
371 389
371 421
371 500
371 535
371 539
371 563
372 83
372 84
374 50
374 107
374 108
374 110
374 122
374 189
374 225
374 300
374 344
374 350
374 417
374 455
374 463
374 482
374 537
374 543
375 219
376 521
376 537
380 27
380 56
380 60
380 87
380 89
380 101
380 335
380 336
380 337
380 338
380 368
380 371
380 406
380 407
380 408
380 409
380 410
380 411
380 412
380 413
380 423
380 435
380 439
380 443
380 444
383 33
383 41
383 110
383 138
383 140
383 143
383 170
383 191
383 209
383 211
383 228
383 229
383 265
383 267
383 268
383 366
383 382
383 390
383 422
383 427
383 453
383 474
383 480
383 498
384 108
384 130
384 254
384 282
384 284
384 456
387 27
387 45
387 176
387 177
387 221
387 315
387 317
387 320
387 322
387 325
387 382
387 406
387 407
387 408
387 409
387 410
387 411
387 412
387 413
387 423
387 463
388 249
388 453
388 480
395 33
395 41
395 67
395 138
395 140
395 143
395 191
395 248
395 282
395 284
395 427
395 474
395 521
398 56
398 60
398 242
398 290
398 377
398 435
398 539
399 67
399 225
399 265
399 267
399 268
399 419
399 464
399 472
399 499
399 537
399 561
402 37
402 40
402 149
402 223
402 231
402 233
402 237
402 304
402 306
402 308
402 310
402 311
402 392
402 395
402 463
402 491
402 492
402 493
402 495
402 496
402 497
402 559
403 294
403 297
403 299
403 451
406 64
406 86
406 96
406 122
406 289
406 327
406 458
406 538
406 563
407 76
407 79
407 87
407 89
407 117
407 119
407 128
407 302
407 303
407 362
407 383
407 432
407 450
408 83
408 84
408 221
408 265
408 267
408 268
408 434
408 561
411 168
411 433
411 452
419 92
419 110
419 185
419 187
419 225
419 353
419 460
419 463
419 469
419 561
423 344
423 350
425 521
425 537
427 81
427 103
427 122
427 213
427 221
427 239
427 335
427 336
427 337
427 338
427 439
428 76
428 79
428 87
428 89
428 92
428 209
428 211
428 252
428 272
428 302
428 303
428 353
428 383
428 429
428 432
428 450
428 501
429 194
429 196
429 247
431 221
432 50
432 55
432 81
432 96
432 99
432 226
432 239
432 261
432 289
432 482
432 519
438 205
438 207
438 341
438 397
438 398
442 48
458 110
458 198
458 265
458 267
458 268
458 512
459 56
459 60
459 341
459 435
466 73
466 98
466 138
466 140
466 143
466 191
466 278
466 280
466 376
466 422
466 427
466 429
466 441
466 472
466 474
470 87
470 89
470 122
470 252
470 272
470 389
